{
 "cells": [
  {
   "cell_type": "code",
   "execution_count": 3,
   "id": "64ea087a",
   "metadata": {},
   "outputs": [],
   "source": [
    "# 의료 기초 데이터 분석 미니 프로젝트\n",
    "# NumPy + Pandas + Matplotlib"
   ]
  },
  {
   "cell_type": "code",
   "execution_count": 4,
   "id": "ee88a461",
   "metadata": {},
   "outputs": [],
   "source": [
    "# ==============================\n",
    "# [A] 라이브러리 import\n",
    "# ==============================\n",
    "import numpy as np\n",
    "import pandas as pd\n",
    "import matplotlib.pyplot as plt\n",
    "\n",
    "\n",
    "# ==============================\n",
    "# [B] pandas 출력 옵션(선택)\n",
    "# ==============================\n",
    "pd.set_option('display.width', 140)\n",
    "pd.set_option('display.max_columns', 60)\n",
    "pd.set_option('display.max_rows', 200)"
   ]
  },
  {
   "cell_type": "code",
   "execution_count": 5,
   "id": "fe1f9a60",
   "metadata": {},
   "outputs": [],
   "source": [
    "# ==============================\n",
    "# [1] 데이터 준비\n",
    "# ==============================\n",
    "\n",
    "data = {\n",
    "    \"측정일\": [\n",
    "        \"2026-02-01\",\"2026-02-01\",\"2026-02-02\",\"2026-02-02\",\"2026-02-03\",\n",
    "        \"2026-02-03\",\"2026-02-04\",\"2026-02-04\",\"2026-02-05\",\"2026-02-05\",\n",
    "        \"2026-02-06\",\"2026-02-06\",\"2026-02-07\",\"2026-02-07\",\"2026-02-08\"\n",
    "    ],\n",
    "    \"환자ID\": [\n",
    "        \"P001\",\"P002\",\"P003\",\"P004\",\"P005\",\n",
    "        \"P006\",\"P007\",\"P008\",\"P009\",\"P010\",\n",
    "        \"P011\",\"P012\",\"P013\",\"P014\",\"P015\"\n",
    "    ],\n",
    "    \"성별\": [\"F\",\"M\",\"M\",\"F\",\"F\",\"M\",\"M\",\"F\",\"F\",\"M\",\"F\",\"M\",\"M\",\"F\",\"F\"],\n",
    "    \"나이\":  [25, 31, 44, np.nan, 52, 39, 28, 33, 47, 61, 29, 42, np.nan, 36, 55],\n",
    "    \"키\":    [\"162cm\",\"175cm\",\"168cm\",\"160cm\",\"158cm\",\"180cm\",\"172cm\",\"165cm\",\"170cm\",\"177cm\",\"159cm\",\"174cm\",\"169cm\",\"163cm\",\"157cm\"],\n",
    "    \"몸무게\": [\"54kg\",\"78kg\",\"70kg\",\"52kg\",\"60kg\",\"90kg\",\"68kg\",\"58kg\",\"73kg\",\"82kg\",\"50kg\",\"76kg\",\"71kg\",\"57kg\",\"66kg\"],\n",
    "    \"SBP(수축기)\": [108, 135, 142, 118, 150, 130, 125, 112, 140, 160, 105, 138, 145, 120, 155],\n",
    "    \"DBP(이완기)\": [ 70,  88,  92,  75,  95,  85,  80,  72,  90, 100,  68,  89,  96,  78,  97],\n",
    "    \"심박수\":      [72,  84,  90,  68,  95,  78,  70,  75,  88,  92,  66,  80,  86,  73,  89],\n",
    "    \"공복혈당\":    [92,  110, 125,  98, 130, np.nan, 105,  90, 118, 140,  88, 112, 128, 100, np.nan],\n",
    "    \"흡연\":        [\"N\",\"Y\",\"Y\",\"N\",\"N\",\"Y\",\"N\",\"N\",\"Y\",\"Y\",\"N\",\"Y\",\"Y\",\"N\",\"N\"],\n",
    "    \"운동빈도(주)\": [3, 1, 0, 2, np.nan, 1, 4, 2, 1, 0, 5, 1, 0, 3, np.nan],\n",
    "}\n",
    "\n",
    "df = pd.DataFrame(data)"
   ]
  },
  {
   "cell_type": "code",
   "execution_count": 6,
   "id": "726ef1be",
   "metadata": {},
   "outputs": [
    {
     "name": "stdout",
     "output_type": "stream",
     "text": [
      "==============================\n",
      "2) 데이터 탐색\n",
      "==============================\n",
      "\n",
      "[head()]\n",
      "          측정일  환자ID 성별    나이      키   몸무게  SBP(수축기)  DBP(이완기)  심박수   공복혈당 흡연  운동빈도(주)\n",
      "0  2026-02-01  P001  F  25.0  162cm  54kg       108        70   72   92.0  N      3.0\n",
      "1  2026-02-01  P002  M  31.0  175cm  78kg       135        88   84  110.0  Y      1.0\n",
      "2  2026-02-02  P003  M  44.0  168cm  70kg       142        92   90  125.0  Y      0.0\n",
      "3  2026-02-02  P004  F   NaN  160cm  52kg       118        75   68   98.0  N      2.0\n",
      "4  2026-02-03  P005  F  52.0  158cm  60kg       150        95   95  130.0  N      NaN\n",
      "\n",
      "[info()] (데이터 구조 확인)\n",
      "<class 'pandas.DataFrame'>\n",
      "RangeIndex: 15 entries, 0 to 14\n",
      "Data columns (total 12 columns):\n",
      " #   Column    Non-Null Count  Dtype  \n",
      "---  ------    --------------  -----  \n",
      " 0   측정일       15 non-null     str    \n",
      " 1   환자ID      15 non-null     str    \n",
      " 2   성별        15 non-null     str    \n",
      " 3   나이        13 non-null     float64\n",
      " 4   키         15 non-null     str    \n",
      " 5   몸무게       15 non-null     str    \n",
      " 6   SBP(수축기)  15 non-null     int64  \n",
      " 7   DBP(이완기)  15 non-null     int64  \n",
      " 8   심박수       15 non-null     int64  \n",
      " 9   공복혈당      13 non-null     float64\n",
      " 10  흡연        15 non-null     str    \n",
      " 11  운동빈도(주)   13 non-null     float64\n",
      "dtypes: float64(3), int64(3), str(6)\n",
      "memory usage: 1.5 KB\n",
      "None\n",
      "\n",
      "[describe()] (숫자 컬럼 요약)\n",
      "              나이    SBP(수축기)  DBP(이완기)        심박수        공복혈당    운동빈도(주)\n",
      "count  13.000000   15.000000   15.0000  15.000000   13.000000  13.000000\n",
      "mean   40.153846  132.200000   85.0000  80.400000  110.461538   1.769231\n",
      "std    11.238670   17.138928   10.5085   9.432467   16.810787   1.589227\n",
      "min    25.000000  105.000000   68.0000  66.000000   88.000000   0.000000\n",
      "25%    31.000000  119.000000   76.5000  72.500000   98.000000   1.000000\n",
      "50%    39.000000  135.000000   88.0000  80.000000  110.000000   1.000000\n",
      "75%    47.000000  143.500000   93.5000  88.500000  125.000000   3.000000\n",
      "max    61.000000  160.000000  100.0000  95.000000  140.000000   5.000000\n"
     ]
    }
   ],
   "source": [
    "# ==============================\n",
    "# [2] 데이터 탐색\n",
    "# ==============================\n",
    "\n",
    "print(\"==============================\")\n",
    "print(\"2) 데이터 탐색\")\n",
    "print(\"==============================\")\n",
    "\n",
    "print(\"\\n[head()]\")\n",
    "print(df.head())\n",
    "\n",
    "print(\"\\n[info()] (데이터 구조 확인)\")\n",
    "print(df.info())\n",
    "\n",
    "print(\"\\n[describe()] (숫자 컬럼 요약)\")\n",
    "num_cols = [\"나이\", \"SBP(수축기)\", \"DBP(이완기)\", \"심박수\", \"공복혈당\", \"운동빈도(주)\"]\n",
    "print(df[num_cols].describe())"
   ]
  },
  {
   "cell_type": "code",
   "execution_count": 7,
   "id": "148c6bbd",
   "metadata": {},
   "outputs": [
    {
     "name": "stdout",
     "output_type": "stream",
     "text": [
      "==============================\n",
      "3) 데이터 정제 및 변환\n",
      "==============================\n",
      "\n",
      "[결측치 개수 확인]\n",
      "측정일         0\n",
      "환자ID        0\n",
      "성별          0\n",
      "나이          2\n",
      "키           0\n",
      "몸무게         0\n",
      "SBP(수축기)    0\n",
      "DBP(이완기)    0\n",
      "심박수         0\n",
      "공복혈당        2\n",
      "흡연          0\n",
      "운동빈도(주)     2\n",
      "키_cm        0\n",
      "몸무게_kg      0\n",
      "dtype: int64\n",
      "\n",
      "[정제/변환 결과 미리보기]\n",
      "         측정일  환자ID 성별         나이  키_cm  몸무게_kg  SBP(수축기)  DBP(이완기)   공복혈당  운동빈도(주)        BMI   혈압분류 BMI분류\n",
      "0 2026-02-01  P001  F  25.000000   162      54       108        70   92.0      3.0  20.576132     정상    정상\n",
      "1 2026-02-01  P002  M  31.000000   175      78       135        88  110.0      1.0  25.469388  고혈압1기    비만\n",
      "2 2026-02-02  P003  M  44.000000   168      70       142        92  125.0      0.0  24.801587  고혈압2기   과체중\n",
      "3 2026-02-02  P004  F  40.153846   160      52       118        75   98.0      2.0  20.312500     정상    정상\n",
      "4 2026-02-03  P005  F  52.000000   158      60       150        95  130.0      0.0  24.034610  고혈압2기   과체중\n",
      "5 2026-02-03  P006  M  39.000000   180      90       130        85  110.0      1.0  27.777778  고혈압1기    비만\n",
      "6 2026-02-04  P007  M  28.000000   172      68       125        80  105.0      4.0  22.985398  고혈압1기    정상\n",
      "7 2026-02-04  P008  F  33.000000   165      58       112        72   90.0      2.0  21.303949     정상    정상\n",
      "8 2026-02-05  P009  F  47.000000   170      73       140        90  118.0      1.0  25.259516  고혈압2기    비만\n",
      "9 2026-02-05  P010  M  61.000000   177      82       160       100  140.0      0.0  26.173833  고혈압2기    비만\n"
     ]
    }
   ],
   "source": [
    "import pandas as pd\n",
    "# ==============================\n",
    "# [3] 데이터 정제 및 변환\n",
    "# ==============================\n",
    "print(\"==============================\")\n",
    "print(\"3) 데이터 정제 및 변환\")\n",
    "print(\"==============================\")\n",
    "\n",
    "# --------------------------------------------------------\n",
    "# 3-1) 타입 변환 : 날짜 문자열 -> datetime\n",
    "# --------------------------------------------------------\n",
    "# pd.to_datetime(): 문자열을 날짜/시간 타입으로 변환\n",
    "df[\"측정일\"] = pd.to_datetime(df[\"측정일\"])\n",
    "\n",
    "\n",
    "# --------------------------------------------------------\n",
    "# 3-2) 단위 제거 : \"170cm\" -> 170, \"65km\" -> 65\n",
    "# --------------------------------------------------------\n",
    "# str.replace() : 문자열 치환(여기서는 단위 제거)\n",
    "# astype(int) : 숫자형으로 변환\n",
    "df[\"키_cm\"] = df[\"키\"].str.replace(\"cm\", \"\", regex=False).astype(int)\n",
    "df[\"몸무게_kg\"] = df[\"몸무게\"].str.replace(\"kg\", \"\", regex=False).astype(int)\n",
    "\n",
    "#print(df[\"키_cm\"])\n",
    "#print(df[\"몸무게_kg\"])\n",
    "\n",
    "# 원본(키, 몸무게) 컬럼은 \"문자열\"이라 분석에 불리하드\n",
    "# 보통 숫자형 컬럼(키_cm, 몸무게_kg)만 쓰는 편\n",
    "\n",
    "# --------------------------------------------------------\n",
    "# 3-3) 결측치 확인\n",
    "# --------------------------------------------------------\n",
    "print(\"\\n[결측치 개수 확인]\")\n",
    "print(df.isnull().sum())\n",
    "\n",
    "# --------------------------------------------------------\n",
    "# 3-4) 결측치 처리(예시)\n",
    "# --------------------------------------------------------\n",
    "'''\n",
    "결측치 처리 방식은 정답이 1개가 아니라, 상황에 따라 다름\n",
    "- 나이 : 평균으로 채울\n",
    "- 공복혈당 : 중앙값으로 채울(극단값 영향을 줄이고 싶을 때)\n",
    "- 운동빈도 : 0으로 채움(운동 기록이 없으면 0으로 가정하는 경우)\n",
    "'''\n",
    "\n",
    "df['나이'] = df['나이'].fillna(df['나이'].mean())\n",
    "df['공복혈당'] = df['공복혈당'].fillna(df['공복혈당'].median())#중앙값\n",
    "df['운동빈도(주)'] = df['운동빈도(주)'].fillna(0)\n",
    "\n",
    "# --------------------------------------------------------\n",
    "# 3-5) 파생 컬럼 생성(변환)\n",
    "# --------------------------------------------------------\n",
    "\n",
    "# BMI = 몸무게(kg) / (키(m)^2)\n",
    "df[\"키_m\"] = df[\"키_cm\"] / 100\n",
    "df[\"BMI\"] = df[\"몸무게_kg\"] / (df[\"키_m\"] ** 2)\n",
    "\n",
    "# 맥박압(PP) = SBP - DBP (혈관 탄성/압력 차이를 보는 간단 지표)\n",
    "df[\"맥박압(PP)\"] = df[\"SBP(수축기)\"] - (df[\"DBP(이완기)\"])\n",
    "\n",
    "# 평균동맥압(\"MAP\") = (SBP + 2*DBP) / 3 (기초적인 참고 지표)\n",
    "df[\"평균동맥압_MAP\"] = (df[\"SBP(수축기)\"] + 2 * df[\"DBP(이완기)\"]) / 3\n",
    "\n",
    "# --------------------------------------------------------\n",
    "# 3-6) 범주화(카테고리 만들기) : 혈압 단계 분류\n",
    "# --------------------------------------------------------\n",
    "'''\n",
    "기준(간단 버전)\n",
    " - 정상 : SBP < 120 그리고 DBP < 80\n",
    " - 주의(상승) : SBP 120~129 그리고 DBP < 80\n",
    "- 고혈압1기 : SBP 130~139 또는 DBP 80~89\n",
    "- 고혈압2기 : SBP >= 140 또는 DBP >= 80\n",
    "'''\n",
    "\n",
    "def bp_category(sbp, dbp):\n",
    "    if (sbp < 120) and (dbp < 80):\n",
    "        return \"정상\"\n",
    "    elif (120 <= sbp <= 129) and (dbp < 80):\n",
    "        return \"주의(상승)\"\n",
    "    elif (130 <= sbp <= 139) or (80 <= dbp <= 89):\n",
    "        return \"고혈압1기\"\n",
    "    elif (sbp >= 140) or (dbp >= 90):\n",
    "        return \"고혈압2기\"\n",
    "    else:\n",
    "        return \"기타\"\n",
    "    \n",
    "# apply() : 행 단위로 함수를 적용할 때 자주 사용\n",
    "# lambda row : 익명 함수(이름 없는 함수)\n",
    "# lambda 입력값 : 계산식\n",
    "df[\"혈압분류\"] = df.apply(lambda row: bp_category(row[\"SBP(수축기)\"], row[\"DBP(이완기)\"]), axis=1) \n",
    "\n",
    "# --------------------------------------------------------\n",
    "# 3-7) 범주화 : BMI 단계 분류(간단 예시)\n",
    "# --------------------------------------------------------\n",
    "'''\n",
    "BMI 분류\n",
    "- 저체중 : < 18.5\n",
    "- 정상 : 18.5 ~ 22.9\n",
    "- 과체중 : 23.0 ~ 24.9\n",
    "- 비만 : >= 25.0\n",
    "'''\n",
    "\n",
    "def bmi_category(bmi):\n",
    "    if bmi < 18.5:\n",
    "        return \"저체중\"\n",
    "    elif bmi < 23.0:\n",
    "        return \"정상\"\n",
    "    elif bmi < 25.0:\n",
    "        return \"과체중\"\n",
    "    else:\n",
    "        return \"비만\"\n",
    "    \n",
    "df[\"BMI분류\"] = df[\"BMI\"].apply(bmi_category)\n",
    "\n",
    "#print(df[\"BMI분류\"])\n",
    "print(\"\\n[정제/변환 결과 미리보기]\")\n",
    "show_cols = [\"측정일\",\"환자ID\",\"성별\",\"나이\",\"키_cm\",\"몸무게_kg\",\"SBP(수축기)\",\"DBP(이완기)\",\"공복혈당\",\"운동빈도(주)\",\"BMI\",\"혈압분류\",\"BMI분류\"]\n",
    "print(df[show_cols].head(10))"
   ]
  },
  {
   "cell_type": "code",
   "execution_count": 8,
   "id": "0517fea0",
   "metadata": {},
   "outputs": [
    {
     "name": "stdout",
     "output_type": "stream",
     "text": [
      "==============================\n",
      "4) 분석\n",
      "==============================\n",
      "\n",
      "[BMI 최고]\n",
      "환자ID           P006\n",
      "성별                M\n",
      "나이             39.0\n",
      "키_cm            180\n",
      "몸무게_kg           90\n",
      "BMI       27.777778\n",
      "BMI분류            비만\n",
      "Name: 5, dtype: object\n",
      "\n",
      "[BMI 최저]\n",
      "환자ID           P011\n",
      "성별                F\n",
      "나이             29.0\n",
      "키_cm            159\n",
      "몸무게_kg           50\n",
      "BMI       19.777699\n",
      "BMI분류            정상\n",
      "Name: 10, dtype: object\n",
      "\n",
      "[혈압분류별 평균]\n",
      "          SBP(수축기)  DBP(이완기)     맥박압_PP   평균동맥압_MAP        BMI        공복혈당\n",
      "혈압분류                                                                      \n",
      "고혈압2기   148.666667     95.00  53.666667  112.888889  25.317425  125.166667\n",
      "고혈압1기   132.000000     85.50  46.500000  101.000000  25.333739  109.250000\n",
      "주의(상승)  120.000000     78.00  42.000000   92.000000  21.453574  100.000000\n",
      "정상      110.750000     71.25  39.500000   84.416667  20.492570   92.000000\n",
      "      SBP(수축기)  DBP(이완기)        심박수        공복혈당        BMI  운동빈도(주)\n",
      "성별                                                                 \n",
      "F   126.000000    80.625  78.250000  103.250000  22.436739      2.0\n",
      "M   139.285714    90.000  82.857143  118.571429  25.309921      1.0\n",
      "\n",
      "[나이대별 평균]\n",
      "\n",
      "[상관관계]\n",
      "                 나이      키_cm    몸무게_kg  SBP(수축기)  DBP(이완기)       심박수      공복혈당   운동빈도(주)       BMI    맥박압_PP  평균동맥압_MAP\n",
      "나이         1.000000  0.035072  0.372426  0.865322  0.816682  0.789035  0.768317 -0.765844  0.605822  0.911173   0.840302\n",
      "키_cm       0.035072  1.000000  0.884472  0.268418  0.319425  0.174230  0.381708 -0.243706  0.598623  0.181360   0.297140\n",
      "몸무게_kg     0.372426  0.884472  1.000000  0.608788  0.649788  0.511188  0.607860 -0.567082  0.901196  0.525783   0.632705\n",
      "SBP(수축기)   0.865322  0.268418  0.608788  1.000000  0.991488  0.910982  0.912482 -0.857202  0.817699  0.979896   0.997414\n",
      "DBP(이완기)   0.816682  0.319425  0.649788  0.991488  1.000000  0.913745  0.925825 -0.872193  0.841768  0.945581   0.998281\n",
      "심박수        0.789035  0.174230  0.511188  0.910982  0.913745  1.000000  0.873611 -0.892059  0.735847  0.876550   0.914432\n",
      "공복혈당       0.768317  0.381708  0.607860  0.912482  0.925825  0.873611  1.000000 -0.796259  0.705412  0.861789   0.921775\n",
      "운동빈도(주)   -0.765844 -0.243706 -0.567082 -0.857202 -0.872193 -0.892059 -0.796259  1.000000 -0.759423 -0.805818  -0.867287\n",
      "BMI        0.605822  0.598623  0.901196  0.817699  0.841768  0.735847  0.705412 -0.759423  1.000000  0.753714   0.832712\n",
      "맥박압_PP     0.911173  0.181360  0.525783  0.979896  0.945581  0.876550  0.861789 -0.805818  0.753714  1.000000   0.963025\n",
      "평균동맥압_MAP  0.840302  0.297140  0.632705  0.997414  0.998281  0.914432  0.921775 -0.867287  0.832712  0.963025   1.000000\n",
      "\n",
      "[관심 대상 목록]\n",
      "    환자ID 성별         나이  SBP(수축기)  DBP(이완기)   혈압분류   공복혈당        BMI BMI분류  운동빈도(주)\n",
      "1   P002  M  31.000000       135        88  고혈압1기  110.0  25.469388    비만      1.0\n",
      "2   P003  M  44.000000       142        92  고혈압2기  125.0  24.801587   과체중      0.0\n",
      "4   P005  F  52.000000       150        95  고혈압2기  130.0  24.034610   과체중      0.0\n",
      "5   P006  M  39.000000       130        85  고혈압1기  110.0  27.777778    비만      1.0\n",
      "8   P009  F  47.000000       140        90  고혈압2기  118.0  25.259516    비만      1.0\n",
      "9   P010  M  61.000000       160       100  고혈압2기  140.0  26.173833    비만      0.0\n",
      "11  P012  M  42.000000       138        89  고혈압1기  112.0  25.102391    비만      1.0\n",
      "12  P013  M  40.153846       145        96  고혈압2기  128.0  24.859074   과체중      0.0\n",
      "14  P015  F  55.000000       155        97  고혈압2기  110.0  26.775934    비만      0.0\n"
     ]
    }
   ],
   "source": [
    "import pandas as pd\n",
    "# ==============================\n",
    "# [4] 분석\n",
    "# ==============================\n",
    "print(\"==============================\")\n",
    "print(\"4) 분석\")\n",
    "print(\"==============================\")\n",
    "\n",
    "# --------------------------------------------------------\n",
    "# 4-1) 최고/최저 : BMI가 가장 높은/낮은 사람\n",
    "# --------------------------------------------------------\n",
    "max_bmi_row = df.loc[df[\"BMI\"].idxmax()] # 최댓값 위치 반환\n",
    "min_bmi_row = df.loc[df[\"BMI\"].idxmin()] # 최솟값 위치 반환\n",
    "\n",
    "print(\"\\n[BMI 최고]\")\n",
    "print(max_bmi_row[[\"환자ID\", \"성별\", \"나이\", \"키_cm\", \"몸무게_kg\", \"BMI\", \"BMI분류\"]])\n",
    "print(\"\\n[BMI 최저]\")\n",
    "print(min_bmi_row[[\"환자ID\", \"성별\", \"나이\", \"키_cm\", \"몸무게_kg\", \"BMI\", \"BMI분류\"]])\n",
    "                  \n",
    "# --------------------------------------------------------\n",
    "# 4-2) 혈압 분류별 평균 지표\n",
    "# --------------------------------------------------------\n",
    "# 맥박압\n",
    "df[\"맥박압_PP\"] = df[\"SBP(수축기)\"] - df[\"DBP(이완기)\"]\n",
    "\n",
    "# 평균동맥압\n",
    "df[\"평균동맥압_MAP\"] = (df[\"SBP(수축기)\"] + 2*df[\"DBP(이완기)\"]) / 3\n",
    "\n",
    "bp_group = df.groupby(\"혈압분류\")[[\"SBP(수축기)\", \"DBP(이완기)\", \"맥박압_PP\", \"평균동맥압_MAP\", \"BMI\", \"공복혈당\"]].mean().sort_values(\"SBP(수축기)\", ascending=False)\n",
    "\n",
    "print(\"\\n[혈압분류별 평균]\")\n",
    "print(bp_group)\n",
    "\n",
    "# --------------------------------------------------------\n",
    "# 4-3) 성별 평균 비교\n",
    "# --------------------------------------------------------\n",
    "gender_mean = df.groupby(\"성별\")[[\"SBP(수축기)\", \"DBP(이완기)\", \"심박수\", \"공복혈당\", \"BMI\", \"운동빈도(주)\"]].mean()\n",
    "print(gender_mean)\n",
    "\n",
    "# --------------------------------------------------------\n",
    "# 4-4) 나이대(연령대) 만들기 + 그룹 평균\n",
    "# --------------------------------------------------------\n",
    "'''\n",
    "나이대는 분석에서 자구 사용\n",
    "- pd.cut() : 숫자를 구간으로 나눠 범주형 컬럼  \n",
    "'''\n",
    "\n",
    "bins = [0, 29, 39, 49, 59, 120]\n",
    "labels = [\"20대\", \"30대\", \"40대\", \"50대\", \"60대 이상\"]\n",
    "df[\"나이대\"] = pd.cut(df[\"나이\"], bins=bins, labels=labels, right=True)\n",
    "age_group = df.groupby(\"나이대\")[[\"SBP(수축기)\", \"DBP(이완기)\", \"공복혈당\", \"BMI\"]].mean()\n",
    "print(\"\\n[나이대별 평균]\")\n",
    "'''\n",
    "[a, b]\n",
    "왼쪽 제외 오른쪽 포함\n",
    "(29, 39)\n",
    "29 < 나이 <= 39\n",
    "'''\n",
    "\n",
    "# --------------------------------------------------------\n",
    "# 4-5) 상관관계(수치형 컬럼)\n",
    "# --------------------------------------------------------\n",
    "'''\n",
    "corr() : 상관계수(-1 ~ 1)\n",
    "-> 1에 가까울수록 같이 오르는 경향(양의 상관)\n",
    "-> -1에 가까울수록 반대로 움직이는 경향(음의 상관)\n",
    "-> 0에 가까우면 관계가 거의 없음(무상관에 가까움) \n",
    "'''\n",
    "corr_cols = [\"나이\", \"키_cm\", \"몸무게_kg\", \"SBP(수축기)\", \"DBP(이완기)\", \"심박수\", \"공복혈당\", \"운동빈도(주)\", \"BMI\", \"맥박압_PP\", \"평균동맥압_MAP\"]\n",
    "corr_df = df[corr_cols].corr()\n",
    "\n",
    "print(\"\\n[상관관계]\")\n",
    "print(corr_df)\n",
    "\n",
    "# --------------------------------------------------------\n",
    "# 4-6) 조건 필터링\n",
    "# --------------------------------------------------------\n",
    "'''\n",
    "예시 위험군 조건:\n",
    "- 혈압 : 고혈압2기\n",
    "- 공복혈당 : 126이상(당뇨 기준으로 자주 언급되는 구간)\n",
    "- BMI : 25 이상(비만)\n",
    "\n",
    "해당 조건 중 하나라도 TURE면 관심 대상이라고 가정\n",
    "'''\n",
    "\n",
    "risk_df = df[\n",
    "    (df[\"혈압분류\"] == \"고혈압2기\")|\n",
    "    (df[\"공복혈당\"] >= 126)|\n",
    "    (df[\"BMI\"] >= 25.0)\n",
    "].copy()\n",
    "\n",
    "print(\"\\n[관심 대상 목록]\")\n",
    "print(risk_df[[\"환자ID\", \"성별\", \"나이\", \"SBP(수축기)\", \"DBP(이완기)\", \"혈압분류\", \"공복혈당\", \"BMI\", \"BMI분류\", \"운동빈도(주)\"]])\n"
   ]
  },
  {
   "cell_type": "code",
   "execution_count": 9,
   "id": "90cd032b",
   "metadata": {},
   "outputs": [
    {
     "name": "stdout",
     "output_type": "stream",
     "text": [
      "\n",
      "[나이대별 평균]\n",
      "\n",
      "[상관관계]\n",
      "                 나이      키_cm    몸무게_kg  SBP(수축기)  DBP(이완기)       심박수      공복혈당   운동빈도(주)       BMI    맥박압_PP  평균동맥압_MAP\n",
      "나이         1.000000  0.035072  0.372426  0.865322  0.816682  0.789035  0.768317 -0.765844  0.605822  0.911173   0.840302\n",
      "키_cm       0.035072  1.000000  0.884472  0.268418  0.319425  0.174230  0.381708 -0.243706  0.598623  0.181360   0.297140\n",
      "몸무게_kg     0.372426  0.884472  1.000000  0.608788  0.649788  0.511188  0.607860 -0.567082  0.901196  0.525783   0.632705\n",
      "SBP(수축기)   0.865322  0.268418  0.608788  1.000000  0.991488  0.910982  0.912482 -0.857202  0.817699  0.979896   0.997414\n",
      "DBP(이완기)   0.816682  0.319425  0.649788  0.991488  1.000000  0.913745  0.925825 -0.872193  0.841768  0.945581   0.998281\n",
      "심박수        0.789035  0.174230  0.511188  0.910982  0.913745  1.000000  0.873611 -0.892059  0.735847  0.876550   0.914432\n",
      "공복혈당       0.768317  0.381708  0.607860  0.912482  0.925825  0.873611  1.000000 -0.796259  0.705412  0.861789   0.921775\n",
      "운동빈도(주)   -0.765844 -0.243706 -0.567082 -0.857202 -0.872193 -0.892059 -0.796259  1.000000 -0.759423 -0.805818  -0.867287\n",
      "BMI        0.605822  0.598623  0.901196  0.817699  0.841768  0.735847  0.705412 -0.759423  1.000000  0.753714   0.832712\n",
      "맥박압_PP     0.911173  0.181360  0.525783  0.979896  0.945581  0.876550  0.861789 -0.805818  0.753714  1.000000   0.963025\n",
      "평균동맥압_MAP  0.840302  0.297140  0.632705  0.997414  0.998281  0.914432  0.921775 -0.867287  0.832712  0.963025   1.000000\n",
      "\n",
      "[관심 대상 목록]\n",
      "    환자ID 성별         나이  SBP(수축기)  DBP(이완기)   혈압분류   공복혈당        BMI BMI분류  운동빈도(주)\n",
      "1   P002  M  31.000000       135        88  고혈압1기  110.0  25.469388    비만      1.0\n",
      "2   P003  M  44.000000       142        92  고혈압2기  125.0  24.801587   과체중      0.0\n",
      "4   P005  F  52.000000       150        95  고혈압2기  130.0  24.034610   과체중      0.0\n",
      "5   P006  M  39.000000       130        85  고혈압1기  110.0  27.777778    비만      1.0\n",
      "8   P009  F  47.000000       140        90  고혈압2기  118.0  25.259516    비만      1.0\n",
      "9   P010  M  61.000000       160       100  고혈압2기  140.0  26.173833    비만      0.0\n",
      "11  P012  M  42.000000       138        89  고혈압1기  112.0  25.102391    비만      1.0\n",
      "12  P013  M  40.153846       145        96  고혈압2기  128.0  24.859074   과체중      0.0\n",
      "14  P015  F  55.000000       155        97  고혈압2기  110.0  26.775934    비만      0.0\n"
     ]
    }
   ],
   "source": [
    "# --------------------------------------------------------\n",
    "# 4-4) 나이대(연령대) 만들기 + 그룹 평균\n",
    "# --------------------------------------------------------\n",
    "'''\n",
    "나이대는 분석에서 자구 사용\n",
    "- pd.cut() : 숫자를 구간으로 나눠 범주형 컬럼  \n",
    "'''\n",
    "\n",
    "bins = [0, 29, 39, 49, 59, 120]\n",
    "labels = [\"20대\", \"30대\", \"40대\", \"50대\", \"60대 이상\"]\n",
    "df[\"나이대\"] = pd.cut(df[\"나이\"], bins=bins, labels=labels, right=True)\n",
    "age_group = df.groupby(\"나이대\")[[\"SBP(수축기)\", \"DBP(이완기)\", \"공복혈당\", \"BMI\"]].mean()\n",
    "print(\"\\n[나이대별 평균]\")\n",
    "'''\n",
    "[a, b]\n",
    "왼쪽 제외 오른쪽 포함\n",
    "(29, 39)\n",
    "29 < 나이 <= 39\n",
    "'''\n",
    "\n",
    "# --------------------------------------------------------\n",
    "# 4-5) 상관관계(수치형 컬럼)\n",
    "# --------------------------------------------------------\n",
    "'''\n",
    "corr() : 상관계수(-1 ~ 1)\n",
    "-> 1에 가까울수록 같이 오르는 경향(양의 상관)\n",
    "-> -1에 가까울수록 반대로 움직이는 경향(음의 상관)\n",
    "-> 0에 가까우면 관계가 거의 없음(무상관에 가까움) \n",
    "'''\n",
    "corr_cols = [\"나이\", \"키_cm\", \"몸무게_kg\", \"SBP(수축기)\", \"DBP(이완기)\", \"심박수\", \"공복혈당\", \"운동빈도(주)\", \"BMI\", \"맥박압_PP\", \"평균동맥압_MAP\"]\n",
    "corr_df = df[corr_cols].corr()\n",
    "\n",
    "print(\"\\n[상관관계]\")\n",
    "print(corr_df)\n",
    "\n",
    "# --------------------------------------------------------\n",
    "# 4-6) 조건 필터링\n",
    "# --------------------------------------------------------\n",
    "'''\n",
    "예시 위험군 조건:\n",
    "- 혈압 : 고혈압2기\n",
    "- 공복혈당 : 126이상(당뇨 기준으로 자주 언급되는 구간)\n",
    "- BMI : 25 이상(비만)\n",
    "\n",
    "해당 조건 중 하나라도 TURE면 관심 대상이라고 가정\n",
    "'''\n",
    "\n",
    "risk_df = df[\n",
    "    (df[\"혈압분류\"] == \"고혈압2기\")|\n",
    "    (df[\"공복혈당\"] >= 126)|\n",
    "    (df[\"BMI\"] >= 25.0)\n",
    "].copy()\n",
    "\n",
    "print(\"\\n[관심 대상 목록]\")\n",
    "print(risk_df[[\"환자ID\", \"성별\", \"나이\", \"SBP(수축기)\", \"DBP(이완기)\", \"혈압분류\", \"공복혈당\", \"BMI\", \"BMI분류\", \"운동빈도(주)\"]])\n"
   ]
  },
  {
   "cell_type": "code",
   "execution_count": 10,
   "id": "53b35f27",
   "metadata": {},
   "outputs": [
    {
     "name": "stdout",
     "output_type": "stream",
     "text": [
      "==============================\n",
      "5) 시각화\n",
      "==============================\n"
     ]
    },
    {
     "data": {
